2733465.149	2733461.52414286	2733457.89928571	2733454.27442857	2733450.64957143	2733447.02471429	2733443.39985714	2733439.775	2733436.15014286	2733432.52528571	2733428.90042857	2733425.27557143	2733421.65071429	2733418.02585714	2733414.401
2733459.528	2733455.56957656	2733452.06788077	2733448.74421752	2733445.42297261	2733442.06588116	2733438.69164282	2733435.31724492	2733431.94642519	2733428.58068556	2733425.22864004	2733421.91483613	2733418.69277855	2733415.66217519	2733412.986
2733453.775	2733449.59815338	2733446.16297533	2733443.06444483	2733440.02190453	2733436.94025668	2733433.82902604	2733430.71320543	2733427.60102036	2733424.49528784	2733421.4098885	2733418.38679629	2733415.51503636	2733412.93144674	2733410.763
2733446.682	2733443.22097855	2733440.11660471	2733437.27070393	2733434.48268434	2733431.65696001	2733428.7953454	2733425.92393619	2733423.05367002	2733420.18741253	2733417.33857996	2733414.5553595	2733411.95877498	2733409.73377511	2733407.887
2733439.907	2733436.87869192	2733434.03146984	2733431.3803765	2733428.78329948	2733426.15329466	2733423.48665411	2733420.80767212	2733418.12751365	2733415.44571491	2733412.76662525	2733410.12845082	2733407.6765812	2733405.72117587	2733404.545
2733433.654	2733430.77117353	2733427.98341877	2733425.38882757	2733422.87747396	2733420.35220562	2733417.79449909	2733415.22342897	2733412.64893704	2733410.06520565	2733407.46403008	2733404.86266781	2733402.36606692	2733400.19002107	2733398.474
2733427.402	2733424.7161297	2733421.93759583	2733419.2984106	2733416.76685723	2733414.24961252	2733411.7087586	2733409.15294654	2733406.59056258	2733404.01394392	2733401.4104601	2733398.7876994	2733396.21883868	2733393.87025664	2733391.937
2733421.149	2733418.66465694	2733415.89835117	2733413.16259871	2733410.53388936	2733407.95012422	2733405.35754523	2733402.74929258	2733400.13161045	2733397.50044263	2733394.84744845	2733392.17624642	2733389.51908684	2733386.94787079	2733384.575
2733414.897	2733412.58771983	2733409.86813853	2733407.04765478	2733404.2971673	2733401.61200492	2733398.93774133	2733396.2516673	2733393.55576146	2733390.85070228	2733388.1327776	2733385.40259146	2733382.66970165	2733379.94160182	2733377.17
2733409.151	2733406.57541728	2733403.83682597	2733400.97740374	2733398.135642	2733395.35470393	2733392.60078254	2733389.84383629	2733387.07987765	2733384.31262998	2733381.54140954	2733378.76043819	2733375.9639362	2733373.17872094	2733370.553
2733402.882	2733400.41780986	2733397.75367316	2733394.92852272	2733392.05584148	2733389.21086461	2733386.39480357	2733383.58459907	2733380.77170572	2733377.96019784	2733375.15415438	2733372.34874304	2733369.51445083	2733366.57551333	2733363.406
2733397.188	2733394.41860781	2733391.69501519	2733388.89257774	2733386.02402012	2733383.14780123	2733380.28863644	2733377.43894556	2733374.59021298	2733371.74416226	2733368.90812796	2733366.09104745	2733363.29347712	2733360.47613483	2733357.535
2733391.494	2733388.58455845	2733385.74228689	2733382.89306942	2733380.01259833	2733377.11862278	2733374.2300119	2733371.34859697	2733368.46956159	2733365.59188164	2733362.71916712	2733359.8613494	2733357.04225122	2733354.30098817	2733351.665
2733385.545	2733382.70293685	2733379.81778145	2733376.91393636	2733374.00157714	2733371.08719155	2733368.17592888	2733365.26867054	2733362.3634476	2733359.45863205	2733356.55285787	2733353.64477968	2733350.74104517	2733347.8784322	2733345.135
2733379.596	2733376.72255046	2733373.81631416	2733370.87974778	2733367.93854201	2733365.00402599	2733362.07579239	2733359.15089579	2733356.22769481	2733353.30577083	2733350.38439604	2733347.4603391	2733344.52611734	2733341.57248237	2733338.604
2733373.508	2733370.59371315	2733367.65504747	2733364.69957806	2733361.74474781	2733358.80000707	2733355.86377874	2733352.93167384	2733350.00179586	2733347.07497057	2733344.15375787	2733341.24176509	2733338.34050134	2733335.43878112	2733332.499
2733367.421	2733364.34208183	2733361.33509454	2733358.35488887	2733355.39249599	2733352.44506298	2733349.50739979	2733346.5745158	2733343.64471559	2733340.71950274	2733337.80274792	2733334.90089585	2733332.02328957	2733329.18157355	2733326.394
2733360.817	2733357.84159915	2733354.88098423	2733351.91588405	2733348.95327899	2733346.00008051	2733343.05582059	2733340.11677488	2733337.18143857	2733334.25155178	2733331.33077346	2733328.42334439	2733325.53245597	2733322.65833603	2733319.791
2733354.213	2733351.35899074	2733348.45402346	2733345.50848847	2733342.54007643	2733339.56832625	2733336.60193044	2733333.64074335	2733330.68348012	2733327.73159939	2733324.78923867	2733321.86201611	2733318.95410465	2733316.06390049	2733313.187
2733348.377	2733345.25984592	2733342.22319588	2733339.21414146	2733336.20817169	2733333.20243953	2733330.200121	2733327.20209177	2733324.20751238	2733321.21687514	2733318.23386876	2733315.26734634	2733312.33148485	2733309.43494804	2733306.557
2733342.541	2733339.28269006	2733336.1121701	2733333.00881245	2733329.94376465	2733326.89412627	2733323.85015044	2733320.80969398	2733317.77226851	2733314.73759411	2733311.70662891	2733308.68520325	2733305.69202062	2733302.76305751	2733299.928
2733336.343	2733333.16093811	2733329.98621093	2733326.83566461	2733323.71626597	2733320.61773578	2733317.52839216	2733314.44325426	2733311.36200402	2733308.28544296	2733305.21385153	2733302.14686689	2733299.08920519	2733296.06877243	2733293.148
2733330.144	2733327.01348067	2733323.85017682	2733320.6699304	2733317.49703994	2733314.34034805	2733311.19483912	2733308.05509035	2733304.92075916	2733301.79528573	2733298.68421125	2733295.59196249	2733292.51431803	2733289.43677896	2733286.369
2733324.333	2733321.02124809	2733317.75264443	2733314.49542047	2733311.24802916	2733308.01552861	2733304.79518288	2733301.58169498	2733298.3739569	2733295.17634704	2733291.9998446	2733288.86380762	2733285.7866664	2733282.74947476	2733279.646
2733318.522	2733315.03998539	2733311.63475555	2733308.27106742	2733304.93122491	2733301.60845177	2733298.29790427	2733294.99433764	2733291.69537818	2733288.40292614	2733285.12470664	2733281.88205633	2733278.72257849	2733275.71779746	2733272.924
2733312.517	2733308.92331981	2733305.41733123	2733301.96499226	2733298.54011123	2733295.13036366	2733291.73080795	2733288.33755952	2733284.94783624	2733281.56065883	2733278.1756388	2733274.79493671	2733271.43728992	2733268.16965561	2733265.119
2733306.513	2733302.75957839	2733299.14736503	2733295.61538156	2733292.12077325	2733288.64119925	2733285.16915264	2733281.70228151	2733278.23896392	2733274.77825124	2733271.31836117	2733267.85355564	2733264.37337288	2733260.86655782	2733257.315
2733300.315	2733296.57597838	2733292.91654133	2733289.32054223	2733285.76543412	2733282.22862941	2733278.69843694	2733275.17228289	2733271.65041458	2733268.13420336	2733264.62638817	2733261.12909217	2733257.64037292	2733254.15668657	2733250.706
2733294.117	2733290.47722413	2733286.82610124	2733283.18848667	2733279.57249598	2733275.97370887	2733272.38279125	2733268.79566917	2733265.21341367	2733261.63957106	2733258.08074238	2733254.54633726	2733251.0427433	2733247.56307933	2733244.096
2733288.499	2733284.66234699	2733280.94694225	2733277.25587146	2733273.56912302	2733269.89185368	2733266.2235325	2733262.56016605	2733258.90187184	2733255.2528302	2733251.62044705	2733248.01514459	2733244.4452497	2733240.90234918	2733237.34
2733282.882	2733279.00045744	2733275.19809197	2733271.43444956	2733267.66903777	2733263.90113004	2733260.13897992	2733256.38291635	2733252.63185077	2733248.88882267	2733245.16088875	2733241.45857407	2733237.79307005	2733234.17027341	2733230.584
2733277.686	2733273.48263327	2733269.48578248	2733265.60324435	2733261.74801867	2733257.8887783	2733254.02893689	2733250.17373413	2733246.32286723	2733242.4770034	2733238.64171682	2733234.83106726	2733231.07074088	2733227.38701869	2733223.778
2733272.49	2733267.96271029	2733263.75219505	2733259.72352899	2733255.76789777	2733251.82431795	2733247.87818531	2733243.93305123	2733239.99071354	2733236.05027999	2733232.11276041	2733228.18806313	2733224.31114221	2733220.55206395	2733216.971
2733266.204	2733262.07569028	2733257.91680113	2733253.82330073	2733249.78659589	2733245.77157473	2733241.75861131	2733237.74510223	2733233.73289756	2733229.72186662	2733225.70979037	2733221.69284509	2733217.67438538	2733213.70322284	2733209.932
2733259.918	2733256.01984421	2733251.98086954	2733247.90069399	2733243.82493718	2733239.76029499	2733235.70084376	2733231.64268521	2733227.5858091	2733223.53148409	2733219.48041953	2733215.42852182	2733211.35500515	2733207.20799879	2733202.894
2733254.404	2733250.1778985	2733246.02279097	2733241.90482539	2733237.80515779	2733233.71372267	2733229.62605642	2733225.54085327	2733221.45801357	2733217.37936898	2733213.3103763	2733209.26135298	2733205.24178523	2733201.23498065	2733197.171
2733248.89	2733244.36454923	2733240.02394274	2733235.8067037	2733231.66514158	2733227.55348353	2733223.44767341	2733219.3430566	2733215.24094463	2733211.14353397	2733207.05696471	2733202.99756881	2733198.99977106	2733195.12001548	2733191.448
2733242.131	2733238.09960366	2733233.88483516	2733229.64845415	2733225.46512219	2733221.32416314	2733217.19672658	2733213.07039554	2733208.94538487	2733204.82399201	2733200.70931218	2733196.609361	2733192.54323382	2733188.54612023	2733184.651
2733235.373	2733231.70766834	2733227.7024591	2733223.52789844	2733219.32780078	2733215.15320654	2733210.99619504	2733206.84285771	2733202.69026995	2733198.53994415	2733194.39215222	2733190.24587381	2733186.10277064	2733181.97365539	2733177.853
2733230.043	2733225.85091799	2733221.71795057	2733217.53124508	2733213.31949419	2733209.11891323	2733204.93295446	2733200.75246046	2733196.57340949	2733192.39668314	2733188.2226114	2733184.04812839	2733179.86909458	2733175.70221044	2733171.655
2733224.712	2733220.27170528	2733215.95734678	2733211.69560412	2733207.45806513	2733203.23718209	2733199.02730558	2733194.82218336	2733190.61916325	2733186.4195038	2733182.22584121	2733178.03971104	2733173.85775707	2733169.66840438	2733165.456
2733218.885	2733214.64052554	2733210.35030498	2733206.05685658	2733201.78826432	2733197.54117248	2733193.30453492	2733189.07145027	2733184.84038624	2733180.61326849	2733176.39451789	2733172.19107731	2733168.01010943	2733163.85071431	2733159.711
2733213.059	2733209.11760503	2733204.9462738	2733200.66932514	2733196.37331633	2733192.08984052	2733187.81656797	2733183.54654223	2733179.27810086	2733175.01325819	2733170.75605618	2733166.51273077	2733162.29260789	2733158.10855217	2733153.966
2733208.412	2733204.07885804	2733199.83282395	2733195.53791082	2733191.2135636	2733186.89141635	2733182.57728399	2733178.26635264	2733173.95663383	2733169.64969691	2733165.34808801	2733161.05261621	2733156.75956427	2733152.47188437	2733148.265
2733203.766	2733199.28112339	2733194.91319191	2733190.56734118	2733186.21563492	2733181.86457236	2733177.51859331	2733173.1753905	2733168.83326524	2733164.49316316	2733160.15631362	2733155.81998227	2733151.47017988	2733147.07450439	2733142.563
2733198.935	2733194.4525968	2733190.01238708	2733185.62078807	2733181.25051087	2733176.88722619	2733172.52752652	2733168.16987929	2733163.81340583	2733159.45869475	2733155.10621235	2733150.75286265	2733146.38905667	2733142.00503711	2733137.631
2733194.104	2733189.49683778	2733185.01741682	2733180.60498573	2733176.22905404	2733171.8672208	2733167.50941111	2733163.15309131	2733158.79818364	2733154.44563716	2733150.09622578	2733145.74737072	2733141.39062537	2733137.02248676	2733132.7
2733188.775	2733184.32701707	2733179.90221013	2733175.50339852	2733171.12860502	2733166.76782423	2733162.41227153	2733158.05846992	2733153.70663318	2733149.35880168	2733145.01786726	2733140.6838336	2733136.34513843	2733131.97454088	2733127.537
2733183.446	2733179.11092624	2733174.73794943	2733170.35011978	2733165.96309876	2733161.58348726	2733157.20946904	2733152.83835832	2733148.47031969	2733144.10857784	2733139.75958534	2733135.43043479	2733131.11488125	2733126.77090475	2733122.374
2733178.668	2733174.08136849	2733169.62280081	2733165.18579573	2733160.74934952	2733156.31581501	2733151.88689371	2733147.46187746	2733143.04115076	2733138.62838156	2733134.23247031	2733129.86872242	2733125.54878543	2733121.23712367	2733116.749
2733173.889	2733169.17429772	2733164.57978364	2733160.03736562	2733155.50793075	2733150.98213308	2733146.4597394	2733141.94111482	2733137.42704939	2733132.92056547	2733128.42929992	2733123.96956476	2733119.5703824	2733115.27010779	2733111.125
2733169.11	2733164.3060686	2733159.58788836	2733154.92150145	2733150.27219304	2733145.62764646	2733140.98589345	2733136.34696705	2733131.71149777	2733127.08101526	2733122.45872155	2733117.85188782	2733113.27736299	2733108.76714166	2733104.345
2733164.331	2733159.45116889	2733154.62774889	2733149.84636584	2733145.07592502	2733140.30703845	2733135.54003036	2733130.77500919	2733126.01182713	2733121.25038982	2733116.48995899	2733111.73052696	2733106.9799277	2733102.26059856	2733097.564
2733159.765	2733154.6539709	2733149.70097851	2733144.81298171	2733139.93453301	2733135.05241679	2733130.16996036	2733125.28886862	2733120.40848622	2733115.52779072	2733110.64510088	2733105.76019519	2733100.88469723	2733096.06244784	2733091.399
2733155.199	2733149.90391218	2733144.81267022	2733139.81588576	2733134.84077373	2733129.86180481	2733124.88001664	2733119.89868585	2733114.91756421	2733109.93561156	2733104.95239398	2733099.97073379	2733095.0039402	2733090.08226153	2733085.235
2733150.267	2733145.0912353	2733139.92828776	2733134.83152024	2733129.76761108	2733124.70676556	2733119.64274644	2733114.57807727	2733109.51344742	2733104.44844397	2733099.38403542	2733094.32504567	2733089.28416247	2733084.28616543	2733079.379
2733145.336	2733140.17942528	2733134.98112009	2733129.8067377	2733124.66667239	2733119.53920735	2733114.41126272	2733109.28211978	2733104.15308593	2733099.0247249	2733093.89861796	2733088.77842303	2733083.67050219	2733078.58406912	2733073.523
2733140.251	2733135.12045612	2733129.8960432	2733124.66940288	2733119.47294124	2733114.29630789	2733109.12357409	2733103.9501644	2733098.77725205	2733093.60655668	2733088.44036323	2733083.28021182	2733078.1225245	2733072.96188054	2733067.822
2733135.166	2733129.88618808	2733124.62043557	2733119.35962601	2733114.12592268	2733108.91483337	2733103.71157212	2733098.50908223	2733093.30777664	2733088.11035519	2733082.92086913	2733077.74318022	2733072.57159334	2733067.37700207	2733062.12
2733129.618	2733124.39129785	2733119.13207102	2733113.85838519	2733108.59789392	2733103.35624788	2733098.12428681	2733092.89489842	2733087.66759011	2733082.44539191	2733077.23430458	2733072.04532208	2733066.89148194	2733061.76469284	2733056.572
2733124.07	2733118.79639013	2733113.51360005	2733108.21298497	2733102.9163596	2733097.63377834	2733092.36081976	2733087.09177453	2733081.82566232	2733076.56511482	2733071.31648193	2733066.09461072	2733060.9300159	2733055.87300979	2733051.024
2733118.686	2733113.2780001	2733107.9010455	2733102.53080054	2733097.17332622	2733091.83007518	2733086.49576349	2733081.16572689	2733075.83903806	2733070.51751538	2733065.20563144	2733059.91435348	2733054.66746196	2733049.49837429	2733044.398
2733113.301	2733107.87146135	2733102.40994922	2733096.952204	2733091.51172084	2733086.08669506	2733080.6700994	2733075.25750996	2733069.84819507	2733064.44326775	2733059.0447672	2733053.65770161	2733048.29726304	2733042.99618436	2733037.771
2733108.331	2733102.6937014	2733097.14943266	2733091.60707061	2733086.07053019	2733080.54560604	2733075.02847359	2733069.51508106	2733064.00469118	2733058.49823347	2733052.99710115	2733047.50379467	2733042.02668703	2733036.59749603	2733031.309
2733103.36	2733097.77469911	2733092.17133933	2733086.54526628	2733080.90309255	2733075.26346382	2733069.63032779	2733064.00085771	2733058.37409072	2733052.75119296	2733047.13498312	2733041.53138938	2733035.94961317	2733030.39428876	2733024.846
2733099.162	2733093.18800111	2733087.42806258	2733081.69108105	2733075.93271014	2733070.16763489	2733064.40660009	2733058.64912853	2733052.89402226	2733047.14269624	2733041.39988523	2733035.67721797	2733029.99599569	2733024.37608404	2733018.8
2733094.964	2733088.72487406	2733082.75430179	2733076.87311193	2733070.98932708	2733065.09479749	2733059.20077696	2733053.30980913	2733047.42085309	2733041.53511253	2733035.65801804	2733029.80408794	2733024.00332158	2733018.30025599	2733012.755
2733090.477	2733084.13453612	2733077.96069449	2733071.9161552	2733065.90278253	2733059.88449235	2733053.86380665	2733047.84505277	2733041.8281126	2733035.81354803	2733029.80521633	2733023.81521313	2733017.87396295	2733012.0292427	2733006.294
2733085.99	2733079.32100091	2733072.9460619	2733066.73903234	2733060.60193242	2733054.47556494	2733048.34693036	2733042.21880137	2733036.09247446	2733029.96837309	2733023.84793525	2733017.73561368	2733011.65135468	2733005.65555232	2732999.833
2733080.488	2733074.12110578	2733067.71852624	2733061.40468944	2733055.16380662	2733048.94747307	2733042.73254497	2733036.51733138	2733030.30379675	2733024.09311542	2733017.88663367	2733011.68318687	2733005.47650983	2732999.28214857	2732993.235
2733074.987	2733068.78209031	2733062.43888083	2733056.0814442	2733049.75802463	2733043.45907791	2733037.16610013	2733030.87356177	2733024.58257124	2733018.29475074	2733012.01312532	2733005.74181625	2732999.47284415	2732993.15012663	2732986.637
2733070.274	2733063.72871825	2733057.32903549	2733050.92361568	2733044.51797142	2733038.12522209	2733031.74054547	2733025.3583855	2733018.97844063	2733012.60202782	2733006.23218363	2732999.87928871	2732993.56599461	2732987.29823527	2732980.959
2733065.561	2733058.99018701	2733052.47525554	2733045.97357396	2733039.45867364	2733032.94418619	2733026.43680157	2733019.93430252	2733013.43586178	2733006.94299886	2733000.45814532	2732993.98787257	2732987.55919546	2732981.25807087	2732975.281
2733061.567	2733054.58345408	2733047.84028458	2733041.16866118	2733034.49883358	2733027.82522866	2733021.1561808	2733014.4933795	2733007.83677722	2733001.1892071	2732994.55589554	2732987.94138431	2732981.34779607	2732974.79549375	2732968.347
2733057.573	2733050.34417707	2733043.32633337	2733036.4200786	2733029.54561477	2733022.67388745	2733015.80492494	2733008.94182094	2733002.08577495	2732995.24057669	2732988.416129	2732981.62826033	2732974.88496978	2732968.15560249	2732961.412
2733053.344	2733046.09253059	2733038.85035293	2733031.68797359	2733024.5734053	2733017.47258033	2733010.37513169	2733003.28198028	2732996.19483264	2732989.11645242	2732982.05546042	2732975.03361702	2732968.08458781	2732961.20836271	2732954.274
2733049.115	2733041.8209579	2733034.4054886	2733027.00536909	2733019.64395558	2733012.30154246	2733004.96438728	2732997.63020473	2732990.3002396	2732982.97540323	2732975.6567734	2732968.35238076	2732961.10132709	2732954.0031498	2732947.136
2733045.356	2733037.67691283	2733030.05940091	2733022.44879006	2733014.85644682	2733007.27864501	2732999.70680037	2732992.13755107	2732984.57138403	2732977.00889604	2732969.44807687	2732961.88245975	2732954.31312462	2732946.81299062	2732939.639
2733041.596	2733033.72407228	2733025.89660533	2733018.08197123	2733010.27396644	2733002.47362375	2732994.67833284	2732986.88577043	2732979.09596125	2732971.31035134	2732963.53126448	2732955.75996321	2732947.98548614	2732940.155515	2732932.141
2733038.089	2733029.98626854	2733021.9387105	2733013.91092835	2733005.8923564	2732997.87907116	2732989.86959803	2732981.86287045	2732973.85891458	2732965.85972186	2732957.87163574	2732949.90931471	2732941.99064653	2732934.10197792	2732926.171
2733034.591	2733026.40914895	2733018.15070156	2733009.90087798	2733001.67138411	2732993.45077573	2732985.23339586	2732977.01840082	2732968.80621492	2732960.59872696	2732952.40147955	2732944.2284514	2732936.10857766	2732928.08519957	2732920.2
2733031.307	2733022.96502805	2733014.50512498	2733006.03268993	2732997.59152659	2732989.16696994	2732980.7460995	2732972.32692194	2732963.91047035	2732955.49846236	2732947.09350026	2732938.6989638	2732930.32345023	2732922.00601885	2732913.856
2733028.094	2733019.64709151	2733011.01218905	2733002.32879207	2732993.67807836	2732985.05085812	2732976.42862688	2732967.80729021	2732959.18831661	2732950.57358449	2732941.96454038	2732933.3599513	2732924.75421692	2732916.14270174	2732907.513
2733025.033	2733016.44622088	2733007.67538368	2732998.81552312	2732989.9648444	2732981.13602869	2732972.31348875	2732963.49126129	2732954.67066679	2732945.85411766	2732937.04406972	2732928.24135704	2732919.44221583	2732910.64211448	2732901.871
2733022.162	2733013.38722517	2733004.48285062	2732995.47371634	2732986.43874062	2732977.41445608	2732968.39639819	2732959.37845181	2732950.36125082	2732941.34786299	2732932.34229719	2732923.34661563	2732914.35345477	2732905.34255535	2732896.319
2733019.862	2733010.53173582	2733001.40025395	2732992.23559851	2732983.03298212	2732973.82737137	2732964.62572465	2732955.42428282	2732946.22298292	2732937.02518067	2732927.83590309	2732918.65618655	2732909.46776607	2732900.23060537	2732890.953
2733017.631	2733007.80889136	2732998.37785188	2732989.03161642	2732979.67333978	2732970.30507132	2732960.9369608	2732951.56910761	2732942.20129384	2732932.836307	2732923.47915338	2732914.13352467	2732904.78914627	2732895.39946528	2732885.872
2733014.741	2733005.0011129	2732995.36334039	2732985.83654225	2732976.3291354	2732966.81413274	2732957.29628064	2732947.77843903	2732938.26082666	2732928.745025	2732919.23451536	2732909.73618348	2732900.26228523	2732890.81519241	2732881.339
2733011.852	2733002.09610392	2732992.35400174	2732982.67536366	2732973.02388072	2732963.37128732	2732953.71537483	2732944.05905793	2732934.40308191	2732924.7479175	2732915.09466872	2732905.44886664	2732895.83371087	2732886.30405906	2732876.916
2733009.103	2732999.229276	2732989.39520092	2732979.58812534	2732969.79953318	2732960.01393694	2732950.22639105	2732940.43817102	2732930.6501308	2732920.8621777	2732911.07383672	2732901.28769673	2732891.52268974	2732881.83711543	2732872.333
2733006.353	2732996.44193918	2732986.51347778	2732976.59148407	2732966.67487242	2732956.76045463	2732946.84549438	2732936.92991312	2732927.0141856	2732917.09811607	2732907.18120538	2732897.26582373	2732887.36626811	2732877.51621429	2732867.732
2733003.961	2732993.76855356	2732983.7082285	2732973.67466547	2732963.63885864	2732953.60150242	2732943.56392147	2732933.5259789	2732923.48765674	2732913.44882498	2732903.40982948	2732893.3745468	2732883.35580762	2732873.37915136	2732863.484
2733001.654	2732991.20071077	2732980.98089294	2732970.82658856	2732960.67610658	2732950.52266338	2732940.36860078	2732930.21436049	2732920.05973512	2732909.90463069	2732899.74988993	2732889.59977536	2732879.46410844	2732869.3538955	2732859.274
2732999.074	2732988.653043	2732978.3246168	2732968.05134063	2732957.78842797	2732947.52480511	2732937.26063744	2732926.99635354	2732916.73184032	2732906.4670153	2732896.20236867	2732885.94006501	2732875.68439558	2732865.44243833	2732855.234
2732996.461	2732986.09142857	2732975.72185714	2732965.35228571	2732954.98271429	2732944.61314286	2732934.24357143	2732923.874	2732913.50442857	2732903.13485714	2732892.76528571	2732882.39571429	2732872.02614286	2732861.65657143	2732851.287